"x"
-2.04359918324756
-1.88108377531154
-1.84032959861697
-2.12962836734499
-1.88753016075501
-2.10480084825386
-1.85066517644913
-1.80419718644683
-2.17576168952461
-2.02413819338455
-1.96275165043274
-1.93213885215928
-2.03860367537709
-2.14415718756834
-1.80371399195588
-2.13877085280416
-1.93396029224011
-1.93814261044702
-2.09510979965699
-1.94379761567479
-1.84807257012393
-2.00301376053431
-2.0129111450083
-1.9042118302182
-2.01105781802549
-2.12038843588611
-1.93586513217012
-1.99033878883107
-1.94403940664521
-1.9542689512988
-1.97891431294593
-2.13243829643655
-1.94440240032299
-1.83555022371433
-2.05499245421161
-2.01198052378545
-2.11838501198145
-2.11269744437344
-2.00212741527943
-2.13202494860402
-2.03870229726103
-2.1263473311202
-1.87408264942295
-1.95406713914594
-1.92974894941665
-2.0210214728599
-1.88150543350336
-1.89686849804411
-2.10334759527161
-2.08358341418531
-1.99183215153456
-2.09842334282952
-1.98209672975432
-1.90037339604572
-1.99513409599861
-1.76190661286399
-1.67291199926169
-1.74462187709176
-1.94010493674009
-2.01095372327529
-2.00739350383557
-1.90212817231374
-1.70397215406211
-2.14623121678778
-1.85476844698999
-2.06945585877046
-2.27429212491291
-1.90406443788418
-2.07571470415967
-2.05767561901499
-2.02506160375321
-2.00286126801349
-1.87536427359068
-2.05606171733603
-1.97517649253814
-1.90629876744719
-2.07396014659928
-2.1234352884859
-1.95603467254891
-1.98711169817877
-2.02798271620323
-2.06785508756586
-1.9340842600951
-1.92510123250833
-2.20331319803068
-2.02061594265545
-2.04976977396276
-1.88918390671186
-2.036691409395
-2.01121176760022
-2.03222455144877
-1.93123506221582
-1.87663626447334
-1.8938450855968
-1.99186313336079
-1.96848516610477
-1.80209579263575
-1.84522364106042
-1.91673378126414
-2.00137081345078
