"x"
-1.44825884546585
-1.54962844025295
-1.51780941156493
-1.34616596517936
-1.59964779617903
-1.601506696274
-1.69696211594639
-1.59339430750229
-1.4695846496729
-1.64235362770404
-1.57156240577763
-1.50559821650575
-1.70293211504857
-1.70233350978132
-1.55804013347464
-1.42945750104828
-1.40680386248737
-1.48165072621687
-1.61516699324914
-1.72291630873436
-1.63852055893993
-1.50483010609366
-1.60928568963789
-1.63174558369636
-1.49855379198968
-1.50176100544001
-1.4847343239929
-1.39595576489462
-1.72127764432287
-1.48911693457638
-1.50619593630923
-1.3721301605753
-1.46430283022948
-1.40203080221867
-1.70194342679087
-1.50939581569032
-1.3986986382522
-1.47377525466551
-1.57351399965533
-1.58472918087811
-1.53090243477749
-1.56274971449829
-1.46246614587432
-1.55672405654399
-1.51578234017584
-1.49881606278965
-1.53168278774148
-1.55184702032381
-1.64425651834372
-1.52525884600298
-1.54179473349916
-1.56696135767369
-1.53533702443644
-1.48129931433709
-1.53521113057659
-1.36827932513518
-1.56624363323781
-1.43697528778537
-1.65008358887712
-1.27703177415609
-1.53610161698462
-1.46497469239149
-1.43305072128815
-1.56073296078076
-1.38921009460792
-1.32004383479737
-1.43207317791581
-1.60453807131056
-1.57251705447799
-1.59461269911808
-1.51295837621123
-1.39620756870489
-1.41483971581002
-1.48448681070123
-1.5440191503701
-1.60618392932108
-1.59799180675914
-1.55108890053781
-1.51811609720078
-1.49193761174446
-1.52925953471738
-1.33776426215364
-1.62186410795887
-1.44506286645355
-1.48215354304855
-1.66152541833624
-1.50810220133251
-1.48564167389813
-1.61557057340041
-1.58007391218898
-1.60926763052566
-1.63659725158815
-1.4701929383378
-1.50311387678958
-1.53787561886066
-1.38955112543649
-1.44780027568601
-1.51877716638566
-1.61807564858167
-1.66380682222513
