"x"
-0.401538140339996
-0.743337145083727
-0.652438504486999
-0.663778714208078
-0.719232592302684
-0.744393586245033
-0.701845080367624
-0.559815217630602
-0.640842409150885
-0.663276616133653
-0.916714789808806
-0.81438667684225
-0.552172791892322
-0.614534336500754
-0.809103133285666
-0.539804003567929
-0.732284252059265
-0.639865416302724
-0.59097340602152
-0.661472605003623
-0.715222234800952
-0.658330401151747
-0.727943819574365
-0.766949310624265
-0.566106186401977
-0.619106311826878
-0.602947820343601
-0.513508233436207
-0.541971205513657
-0.710014250640706
-0.703096753292041
-0.858792200839731
-0.727504200932614
-0.442578257777273
-0.65828801550718
-0.658175124593034
-0.644750269741845
-0.703791977987567
-0.647203632992532
-0.725000802457362
-0.645920306166073
-0.678320854578307
-0.616546416391264
-0.612074623137874
-0.482153990258761
-0.710089253427069
-0.744891658160113
-0.737489146169554
-0.70328085291962
-0.702828468599462
-0.575046569866619
-0.779629325464286
-0.457737640732484
-0.52237058870288
-0.720014173627926
-0.664029657194605
-0.732939035406145
-0.567933666323296
-0.593922549872074
-0.591512753843213
-0.631965791951494
-0.599971751402753
-0.792694675863554
-0.733410610147638
-0.776168248063057
-0.765748139661306
-0.878493937603725
-0.737148911528689
-0.690930810310061
-0.646145711676617
-0.532095583198473
-0.657054209922198
-0.692344779727184
-0.680056744952935
-0.660636410350941
-0.808419049423867
-0.630269995334428
-0.772281997510963
-0.528559047558314
-0.661848150118503
-0.546996248398176
-0.478684911011579
-0.584223275526016
-0.72811103995742
-0.668733080250545
-0.794045881189483
-0.633974475148196
-0.665733820770753
-0.686125867706014
-0.806243639686495
-0.604101201438067
-0.807213055991568
-0.730051652694915
-0.618115430435803
-0.488148402789383
-0.617426737124954
-0.572176896406472
-0.832448046868434
-0.647048900813988
-0.681923236511627
