"x"
1.23589045228233e-19
8.82803205575414e-16
1.22972836227476e-21
1.99351548131352e-17
6.96384147191845e-16
2.71110091252848e-26
2.6530755344776e-21
2.95957417370977e-26
9.03528347360087e-17
1.94769703774453e-18
2.3835977209059e-19
1.46260530829119e-24
1.53667836303565e-23
3.94876817601304e-22
1.75820481246351e-17
1.28090765220674e-19
2.55780757187597e-15
7.30789747379981e-20
3.04410960013226e-19
4.86826622367391e-24
1.0491881048702e-17
6.85190398873433e-19
3.13556922162532e-20
5.4791266601971e-19
4.24752343489045e-21
4.09240953824314e-19
4.64381920637585e-16
8.29295105153218e-28
4.57447677606607e-25
7.51451413792392e-26
1.13429840881317e-18
6.87944035139506e-21
4.91760402544449e-17
8.71286573301016e-24
4.06399231246242e-26
1.43903209571927e-15
1.26740881436758e-23
1.27630973817377e-20
3.06197433212135e-15
1.46016270158806e-20
3.96106493846336e-21
7.27001123472415e-26
5.10635605323766e-21
1.2943055438839e-20
5.12353324787851e-14
6.99186492907451e-22
4.6837322458116e-16
5.59585413882696e-22
3.83645247206953e-22
3.76067131375718e-24
2.31212802020674e-28
1.03411398950877e-29
3.87177961054456e-19
4.28640588882991e-19
9.13999314017689e-28
7.14001851071454e-22
2.70717127633338e-17
5.8407100036423e-20
3.04037374277075e-21
1.91320262524951e-21
4.8104527228261e-27
3.41765313210901e-19
3.95508767365879e-22
1.98016349601698e-21
2.58933528191933e-20
1.27769754421565e-24
2.52343241429955e-15
1.19613791994596e-22
1.47237425903481e-18
3.62721504863054e-21
4.00306320180561e-25
3.64245451238246e-17
4.02165940982701e-27
2.9890892868582e-18
6.14664355385434e-17
9.21546515452532e-18
2.91504585541918e-19
7.54282254590023e-25
4.01300091441081e-14
2.41664999170195e-12
1.61874023688501e-19
5.73162851126466e-16
3.46388512615717e-18
8.83689485499269e-23
1.14514919536024e-18
2.43870240285046e-15
2.94053973606496e-17
7.1191445397707e-23
1.4376046215718e-21
4.62482618840566e-15
3.10116687498016e-18
1.87909030815268e-20
4.6371261742299e-20
4.27102893929686e-17
2.7257587953784e-25
3.70316590733398e-20
5.49144970070072e-14
1.56036806740355e-24
8.36342292482053e-23
8.03385540453477e-14
