"x"
2.81695337361164e-45
7.15434531932148e-51
1.80171662360219e-47
8.3132749312053e-39
3.16046749914013e-52
4.22537783296099e-55
1.80653653605305e-60
6.61753029954035e-52
8.86889233401675e-48
5.79428821999273e-57
8.4363670848975e-53
1.01824369047448e-48
2.17021165713151e-65
2.02909423955762e-62
1.48429793772059e-55
1.03590776894647e-44
4.85805908753623e-44
5.65889525625101e-46
2.13459771437198e-57
5.92581099683737e-63
6.01574648613664e-55
6.36295574421891e-50
2.27395092488409e-54
1.1820885263205e-58
2.14991840806977e-50
5.47616102047803e-50
2.47878582629825e-48
8.99436096712365e-44
5.46930583018607e-66
1.05712821282717e-48
5.79650119189161e-51
4.80410437081741e-40
1.1936136934142e-44
3.65387853978533e-42
4.36421117721115e-61
1.04876365317979e-47
1.14104683649091e-43
1.14751946920874e-46
5.61831821609912e-54
2.68499405347954e-57
2.54112648095741e-53
1.52614776102869e-51
9.632682867094e-45
8.80234406117072e-52
1.9094885788406e-48
2.97144718940594e-48
1.2983898102438e-50
7.95089393831654e-52
1.01494826243309e-58
8.91002738163741e-50
1.17803427660204e-50
3.81066952780848e-54
5.50689149309091e-49
6.36657929773426e-50
8.94773991221192e-51
5.5200446881901e-39
7.92497746643347e-54
1.87985275716266e-48
3.51203287387812e-56
2.30931856501701e-37
8.73965906590916e-50
7.65741810038733e-47
7.58279152191883e-47
2.3800428470227e-54
8.40344108458482e-42
1.21304031794428e-37
1.41638366090152e-44
1.16735591560339e-53
3.94381760992182e-54
1.18339030346539e-54
3.91950572164901e-50
2.3680923702726e-45
2.13306936850957e-46
2.03931957398975e-50
3.95798422016566e-52
1.92990300750094e-52
7.98844620304799e-54
1.3711127081813e-56
3.37352096544623e-49
6.83223168190643e-49
3.61412123362568e-54
1.33271710733928e-39
6.8631445768985e-58
6.59667737468065e-45
1.41265010859455e-45
1.12602358835927e-57
1.56827527873506e-49
1.05399184833602e-46
9.52497644717198e-57
2.2347396678274e-55
3.0847487036412e-53
1.13847648509061e-56
1.79270599989258e-47
8.18133521413054e-48
7.30059538487436e-53
6.77990979148049e-44
1.72036753343201e-47
1.30576231661075e-48
1.37345386668973e-58
8.23658089027476e-60
