"x"
-1.20866591116982
-1.31668200212924
-1.42210228044573
-1.2838363010426
-1.3538462638559
-1.43516311399032
-1.37200864500108
-1.49800865624027
-1.30457767191702
-1.23548833959893
-1.33307536724399
-1.29842297655621
-1.19567114152363
-1.36345533793631
-1.37139269621884
-1.42880394376638
-1.45916357599934
-1.41332195564467
-1.31870726565145
-1.31957409965777
-1.32124845147281
-1.3020560876297
-1.30458700555833
-1.42696655379364
-1.30867196780604
-1.31881895531626
-1.4541930907861
-1.39207710422464
-1.26445764375048
-1.30208716962041
-1.42783023003484
-1.43026391413274
-1.44568998833807
-1.26421560656873
-1.47793202704093
-1.42062586401766
-1.31166831733535
-1.42352417520216
-1.30905006083097
-1.27434091584695
-1.38835943278766
-1.29779666784483
-1.32635496963284
-1.32626716277882
-1.39532319460809
-1.18443454753279
-1.22555701677727
-1.3509397587865
-1.28274094152631
-1.25429498820911
-1.1310730155125
-1.41044394563147
-1.16810083550084
-1.34439224975068
-1.20183789575685
-1.42189789898243
-1.45423469073545
-1.19748329362815
-1.29833508912351
-1.27469768984399
-1.29275298528322
-1.42948727259114
-1.2693320518917
-1.43606934355504
-1.21737743734626
-1.47735492126464
-1.14638779070215
-1.29662624335337
-1.31587170033085
-1.27856018187894
-1.25084758389214
-1.251404636983
-1.28650620903906
-1.32072300420317
-1.27507122548004
-1.28848799374721
-1.27561748789943
-1.33744041676351
-1.33035481944847
-1.38885568599657
-1.33241158796874
-1.28614928012241
-1.20604617614557
-1.39650049569135
-1.36164044505707
-1.28843643566258
-1.4227832638479
-1.34419663427229
-1.14800491077295
-1.43038251869732
-1.29631960011989
-1.38839982315238
-1.41867637517494
-1.39933062614068
-1.29441918003468
-1.33834041432271
-1.40196334562511
-1.36826033324546
-1.30542243318984
-1.47020925779292
