"x"
2.1709772358208e-24
5.93514536743943e-23
5.85858280870358e-32
8.83813197999379e-31
1.20515134445713e-22
2.09548121868796e-37
2.27126802420775e-35
4.30693109832824e-31
6.58015434707435e-26
2.67638884070792e-31
2.00690585528896e-32
2.0649397694171e-20
1.25192585989589e-38
3.26783246029945e-31
3.76911336173604e-36
2.3739440558965e-30
4.96861720349366e-24
6.81247181238749e-20
1.60264501388753e-27
4.30642231931861e-28
1.288296897355e-19
1.31306636872661e-29
7.60631132603888e-40
1.04436996398468e-26
4.42174570861782e-26
8.37743171803353e-28
2.06176841815387e-21
1.1361513992339e-29
5.50202057022993e-30
1.39529414620859e-33
3.31843437957877e-31
3.4568952639111e-34
8.82176480640855e-37
2.67952885302475e-29
5.88715123005398e-27
1.70054142546874e-35
1.69827481513862e-24
8.72718939169365e-30
3.70142145190923e-21
1.65226581521221e-24
7.19114029865526e-19
1.20744481106824e-28
2.13574375381639e-27
5.89033431452319e-25
3.60563248234558e-34
4.59939453197875e-47
4.70723306533768e-29
1.17595960134586e-30
1.15170159917713e-29
3.58663084712343e-30
1.70192606815145e-23
2.69351511308442e-31
1.43757732527202e-33
1.15299972218775e-26
3.26573362620745e-26
2.12775663686548e-27
7.41490455530646e-37
6.96013014349121e-25
2.12873627426997e-31
3.03933464572809e-27
1.27190059409424e-32
6.05395095009964e-35
2.6805048604456e-25
6.36141095364911e-29
5.30390683846434e-21
2.23554244125474e-31
5.48487461041053e-27
7.22137894081427e-23
8.75750496462286e-30
9.9305699139239e-27
1.82559622787744e-30
6.95395502077208e-31
1.82689483660052e-25
1.16841678702637e-19
1.43474450722483e-31
4.7379837679595e-28
1.12280001608277e-27
3.83652460975177e-29
8.94852614573023e-20
6.7171547857986e-30
4.95302517899592e-24
1.07687632396616e-32
9.74053246368002e-22
2.44258078386215e-30
3.62610501282822e-31
1.20724913771776e-28
8.13502261035868e-28
8.88777351082439e-28
6.82458610273308e-38
2.0312001698575e-21
6.35895437944885e-29
1.48773177806018e-35
5.93615396133307e-31
2.06125410461602e-20
5.03528286362444e-29
6.19417871302596e-30
1.66722502728706e-30
7.2622119907182e-28
4.22133653854978e-32
1.9557640910579e-33
