"x"
3.25540356222991e-05
1.84484877770967e-14
1.88655787855643e-11
5.45098825103915e-12
8.17947494183258e-14
2.08591092177948e-15
4.01041067986245e-13
5.1575900001018e-09
1.63619433925811e-11
1.27678744162818e-12
1.97336902356587e-22
2.36700798835155e-18
8.09212589318966e-09
7.45127808166335e-11
3.58584450884018e-18
9.24328336888835e-09
4.80310631918646e-15
1.93636468992175e-11
4.86473274365398e-10
5.94353344935925e-12
2.4417914066707e-14
4.24840219318752e-12
5.5802683680354e-15
1.15167506014411e-16
3.35603870042435e-09
1.92737965295283e-10
1.38343496200673e-10
9.37256541887978e-08
1.08585018069615e-08
1.94056314360868e-14
1.12694069547449e-12
4.10679938218103e-19
1.51629108061809e-14
2.18090255276011e-06
1.08271495900663e-11
1.82902657041529e-11
4.70264704295796e-12
8.45268884386348e-14
6.76568158221453e-12
6.24796675824701e-15
7.67260254818954e-12
6.2740202510216e-13
2.20024930428325e-10
4.33799781381993e-11
3.98799022471037e-07
1.96827029730726e-13
6.54326198892325e-15
2.01694051772845e-14
2.14092818662911e-13
2.81290414212855e-14
4.9791822780968e-10
4.08743057213173e-17
1.62639199035305e-06
3.28267358000159e-08
7.02918794050119e-14
5.85906786836584e-13
5.43562367896536e-15
5.23373125848340e-09
2.7943263972766e-10
3.67182765041122e-10
1.75220444234835e-11
8.26527094470017e-11
1.34609331958479e-16
8.44658185941424e-15
3.02000110275914e-16
3.7879409295381e-16
2.19530519544661e-20
4.72035978521601e-15
1.50506460203683e-13
1.10315612886284e-11
3.97009352104543e-08
6.63672604252506e-12
7.64165490405293e-13
7.419226074367e-13
2.17376829016715e-12
5.84381979443418e-18
2.82778560962776e-11
8.23678078178317e-16
1.33493525978735e-08
5.93802142078041e-12
1.03113207134856e-08
6.12141467179024e-07
4.56366334796346e-10
3.88678710439925e-14
1.77494025229882e-12
8.30444578892888e-17
3.65363791186767e-11
1.8885637281114e-12
7.32215679041039e-13
1.89084727509817e-16
2.1897194057963e-10
2.21710415813497e-17
2.87690828291344e-14
1.29154375542483e-10
1.74594513836915e-07
1.97552112574501e-11
1.77843129370864e-09
5.63963399623031e-19
4.07457361508108e-11
1.35295040704747e-12
