"x"
-0.868556667266523
-0.787038265797383
-0.92374760437994
-0.809831293803731
-0.770475934936843
-1.01941077146052
-0.878518389067254
-1.03201316650114
-0.805370510922384
-0.846837718008651
-0.867210337374476
-0.965220799745725
-0.966954138872984
-0.905132969612618
-0.807768076083036
-0.883234210938605
-0.760947300655108
-0.862312114183449
-0.853404820729047
-0.974385970707016
-0.836208180138025
-0.83192034415853
-0.902697736857915
-0.832981755302502
-0.885184219610365
-0.856509910777671
-0.778259758577542
-1.08813600757992
-1.02254809557764
-1.0230428952053
-0.845623805546215
-0.9071128150486
-0.846162858045321
-0.98329833020744
-1.01312494749628
-0.783791476699113
-0.955342375592935
-0.883364590545348
-0.741953518680962
-0.90656076833704
-0.910784325522617
-0.987817471359123
-0.888718898253875
-0.902442404293128
-0.733075519071494
-0.942515442740779
-0.789606477337903
-0.922268856504079
-0.957828587926331
-0.958166413349016
-1.05148827767002
-1.08241657575418
-0.869778581935397
-0.887557306120235
-1.07329922963663
-0.905770050799434
-0.800629884553838
-0.89010238909409
-0.92921351204233
-0.909534560697584
-1.00727607516328
-0.860823742218065
-0.93429963069044
-0.908477344878955
-0.88284171954319
-0.992104481575775
-0.768777568934297
-0.92540585183933
-0.858747125953006
-0.902157367192977
-0.999271765947532
-0.821278448650733
-1.03404568692033
-0.840711327605848
-0.783952354240471
-0.832683495891847
-0.856315380636666
-0.989348600266835
-0.745409455214653
-0.683849346946144
-0.862939470045315
-0.77510743727669
-0.843798338783269
-0.92682641867268
-0.838385988808845
-0.745794579613419
-0.807902250436627
-0.963053344775766
-0.907582213271881
-0.767198944712139
-0.838806266530747
-0.892703802860955
-0.874381458263956
-0.78888207091816
-1.00711863731994
-0.884445336756333
-0.722046209246946
-0.991705298815786
-0.931905215771384
-0.706241250452156
