"x"
6.69039979898041e-60
8.21538713809144e-68
7.82091762205801e-60
8.00696453031531e-56
2.92163302256873e-64
7.72781677506809e-63
1.28322257042318e-65
5.57890949610696e-61
8.97351239869445e-62
8.19030300069477e-58
1.01131879549293e-56
4.41501450929671e-68
1.13601622908999e-55
1.73889375966464e-75
5.35266454098242e-70
2.70591716719921e-65
2.33952535597407e-54
1.51261681727819e-65
1.61648483747358e-69
2.02591059665083e-62
1.84077135096425e-61
5.50495768087694e-52
1.35949244434431e-52
5.57496718219194e-66
1.57059302337221e-64
1.90274293820744e-58
5.07175153529897e-57
2.66337988435442e-58
2.48137365293342e-50
7.60912036364456e-61
7.55216568806543e-70
5.62234251413087e-67
2.25247645615215e-65
1.23262477250827e-66
1.83749905359291e-60
1.75057194885381e-64
4.94139004009841e-62
3.48072947233497e-64
4.28687028689344e-69
2.81259952978816e-63
4.16192871319484e-63
1.43476452910421e-70
7.04032853968318e-60
1.19281773558189e-66
1.92532348502554e-73
8.36125883596901e-75
3.4886363395674e-59
4.82702643249091e-59
2.21234063454991e-64
9.42641874943274e-76
3.81983547981982e-78
5.67391343546181e-70
1.93934271165645e-61
1.18864848339801e-69
7.2459965588958e-70
8.4236244598608e-56
3.423603408958e-58
1.20715555174191e-55
2.18045316166465e-43
6.1493732022773e-65
6.7795416487439e-73
4.87379513174333e-59
8.23986180250093e-61
5.63858073990612e-48
3.34703097073337e-68
2.19317335432675e-62
2.57727559654495e-54
3.73791565107273e-64
1.98152208812037e-73
9.62699485673328e-56
2.21335109663591e-72
4.82876396663351e-68
1.99887128780228e-60
2.37365795248919e-76
2.08100938420684e-47
1.05211763732224e-56
1.72084428651745e-67
7.12607623373144e-49
4.51782453719534e-65
2.46431702426969e-65
4.93259847776963e-66
7.48400978062886e-63
6.93150906065325e-59
2.22464045358525e-63
3.6531640869898e-56
4.50131486675742e-77
9.49971499028334e-48
4.79940224026057e-54
1.4366344812629e-66
4.74880436075668e-69
7.26138801740348e-62
3.48412915425343e-78
8.47829858007793e-64
7.94762549731382e-67
4.35106201219265e-66
5.98276775994039e-63
2.59470734631706e-52
5.9750246569251e-64
1.09254499703318e-59
3.75900915305227e-59
