"x"
-1.70408439344421
-1.8661724363246
-1.71921498478417
-1.66004795003337
-1.74744644662926
-1.71474061488681
-1.81069309300306
-1.70113187431904
-1.71579409539387
-1.65109696074179
-1.69143026480826
-1.81707925497337
-1.63109629355892
-1.85426510316484
-1.83970299544713
-1.74900113917848
-1.62172937880182
-1.82243920815887
-1.84758120654279
-1.74070028307118
-1.7690380798107
-1.5931193277848
-1.63036322481045
-1.77522225462876
-1.78738928351882
-1.64643326242291
-1.67442381004217
-1.7443465949671
-1.52178774498727
-1.68898004717877
-1.81666440977675
-1.8152195020017
-1.80555394949764
-1.83144101604988
-1.72658276761832
-1.79303037286261
-1.72178195329823
-1.76698776519629
-1.8519733445177
-1.7492319213175
-1.75447492097334
-1.89317070526924
-1.66696479952019
-1.79919555138857
-1.8581063782424
-1.84796347031455
-1.69692903297526
-1.68203990488164
-1.77005978622206
-1.88326832634518
-1.98883667024438
-1.87503152635384
-1.68738899235957
-1.88602109403144
-1.85334636626239
-1.64544868485286
-1.73537767089105
-1.61648922657633
-1.43624587909532
-1.79632811664055
-1.91374874497399
-1.70525254593712
-1.74363129488586
-1.55561848674092
-1.83572631058179
-1.76689167140475
-1.63718722716816
-1.75653468673391
-1.85354358363274
-1.62895596827917
-1.86572854721792
-1.84975205808589
-1.70300678424856
-1.90424329864916
-1.4672485813114
-1.68012750140411
-1.80634229049338
-1.52055034202246
-1.74874083249422
-1.78815668371595
-1.79766950261626
-1.74884287372635
-1.64529696129959
-1.69605117467413
-1.69077814195371
-1.99378562104595
-1.50665388117129
-1.61344429112631
-1.76616903406162
-1.82674260918071
-1.71639842837397
-1.9535097054756
-1.74418636715425
-1.78760133789606
-1.79502803954189
-1.74681171095917
-1.52711981407957
-1.78329060858864
-1.66018846914313
-1.72546858044482
