"x"
1.96309264728015e-33
1.94922628349372e-40
5.06121571008505e-47
1.2020536165101e-37
8.93824413297565e-44
7.2551432700942e-49
3.97476504373949e-42
6.62185853761922e-49
7.42857683331469e-40
4.9516858141419e-34
2.96851387757824e-40
2.00914145266962e-38
9.9764408592789e-34
6.26894767191792e-42
5.23874815293293e-47
1.713832610026e-46
1.05636376039138e-45
2.40361664609903e-43
2.78313599644071e-36
1.12391485814536e-40
8.13797461003964e-41
5.55801346886239e-39
1.02629299435452e-37
4.31008725451807e-48
2.12192829220643e-39
5.90261142841897e-37
8.82726080472632e-47
4.76025842599842e-46
1.90614622053687e-38
2.12423453873769e-37
1.74909057505356e-45
3.13698114676315e-42
8.14965425848487e-48
2.2204393882928e-38
1.82681271261528e-49
4.23366075615783e-46
3.91538493731757e-40
6.29965967262571e-46
2.84181239921413e-38
2.55073646463045e-37
8.56363070921379e-42
5.51950832983878e-38
2.26053788282222e-40
2.23980194222875e-40
2.98628933712811e-43
4.30636720201017e-31
2.43579264260008e-34
2.05265980139725e-42
2.35956109678554e-40
2.09785060862914e-38
3.90396778029848e-30
3.30551563315223e-45
5.63322673318173e-34
1.01352426070433e-40
4.18192526762108e-33
3.23786500428353e-47
3.10202525902232e-46
5.98679580548724e-33
1.3051307952188e-37
1.48308375872065e-36
1.66074658729378e-37
4.05327441293398e-50
1.11852196534247e-36
1.17592685564169e-46
5.99884699306349e-34
2.09792694884409e-49
3.15528837596261e-31
1.62255818973676e-38
8.75388795605863e-41
5.6038611449577e-38
5.1975228857692e-37
1.88353295815122e-36
8.79754048891959e-38
5.47217309012142e-38
1.12923244195331e-38
9.28993533650762e-40
1.06259372692515e-35
3.43281036397141e-42
2.16950160162176e-38
7.67318124556503e-43
4.89956789424122e-41
8.01641685181589e-41
1.33880587097687e-32
2.54726411814156e-45
1.35288643612312e-45
1.19684392582563e-37
1.51737892072009e-43
3.07062772960511e-40
1.90155362428662e-31
6.18647099272437e-47
2.17889179413304e-41
2.47814445576208e-42
3.28088221230562e-45
6.40858165051781e-43
1.35048664105142e-38
1.19052889456076e-41
5.05563823873852e-43
4.19485058527749e-46
1.46614537248157e-39
1.37558722092412e-46
