"x"
-1.02032730178102
-0.958474903032634
-1.19575640031129
-1.12485325546162
-0.960193062622593
-1.25716964355767
-1.19541589399236
-1.11962846203124
-1.03514135850183
-1.15249182971924
-1.16338241231438
-0.882964568212838
-1.27716515374664
-1.1424147546825
-1.20963539925567
-1.13612222224501
-1.00458724494741
-0.920092328878144
-1.08232047110068
-1.0659007789708
-0.918801342422726
-1.09260157815014
-1.26938959577381
-1.04889585254101
-1.05775702358239
-1.06821458426559
-0.925504955973261
-1.10105832329789
-1.0960724117101
-1.22026549478698
-1.12900339174908
-1.1739423910418
-1.21999126130256
-1.12343345310402
-1.04680157265051
-1.20427066806687
-0.998081659377261
-1.09589414555624
-0.903895933817763
-0.998357137721563
-0.871260631504317
-1.0653580819445
-1.08405019476529
-1.01297716924793
-1.20614568131222
-1.41656393329055
-1.10378675477702
-1.17342427935687
-1.11442737616577
-1.1321548879586
-0.934798731800913
-1.15488117222774
-1.16699471484039
-1.06549955046412
-1.0618843701849
-1.04930077709763
-1.24285389671683
-1.03056316477453
-1.12141697494472
-1.03999573813825
-1.13720661888657
-1.2431545930273
-0.986052867038024
-1.08804740417515
-0.891551246923362
-1.13055201700097
-1.05804028006384
-0.986194517964326
-1.10283736141497
-1.02472230543545
-1.10649820906097
-1.14197716077872
-1.02479509763083
-0.881857848003828
-1.13723463954938
-1.06457432053662
-1.0753269349847
-1.1199010651163
-0.872230824123185
-1.08659048446675
-0.991888263081708
-1.15177237362159
-0.950162053244499
-1.13217012035713
-1.14985403828186
-1.10130634793285
-1.06222959958054
-1.06267184017002
-1.25184641003163
-0.92093498422629
-1.09922955643982
-1.21373196763506
-1.13758462420625
-0.941420162279321
-1.12021694988602
-1.1185725605598
-1.18203231477545
-1.0698990122072
-1.15389790404156
-1.17898590184854
