"x"
6.27734329190001e-82
9.68305540889521e-69
3.01076058428941e-66
1.90102147460416e-85
3.27863861481433e-69
6.93843706175051e-83
3.82672127693788e-67
2.61273969838258e-61
1.367869287936e-90
1.0096308873505e-73
2.32950544767567e-75
4.83745523079195e-74
9.06503572850943e-81
1.61213596845561e-86
1.02376352889026e-62
9.71066361330312e-87
1.08228001515222e-72
2.33619061657897e-78
1.59511928034606e-86
1.12677905738003e-72
3.26979203674817e-69
5.2984422313225e-72
1.23943166705905e-78
1.21087602504823e-70
5.8086357886279e-73
3.22792563738029e-85
5.45682910813649e-74
3.6276133162151e-75
7.03330277026404e-74
1.48298174598833e-73
1.2520979519512e-77
2.11415801115073e-88
1.64098190431401e-71
1.37065708732504e-63
4.45464807087898e-80
3.14678121234474e-78
1.08296992889414e-85
1.4699484506848e-84
2.15835360931789e-75
2.81740123106541e-86
8.93769881966027e-79
3.44986457827647e-89
3.6616439500927e-71
2.66554655784937e-77
2.05964604780112e-79
4.12362418985671e-75
3.85398353155742e-67
7.41707699454726e-64
1.42705822035159e-87
2.54063344184135e-85
2.15519302882998e-76
9.86169921439011e-83
1.00157233875157e-76
2.21462007689066e-72
1.87740280666924e-75
4.27834567935203e-61
1.49444587539114e-53
5.75913364905615e-62
1.60122460203913e-72
3.77023883040204e-76
2.3386856339074e-77
3.84457786774615e-75
1.67277817756598e-58
2.83074245304061e-91
3.7390295620015e-67
3.61033228312341e-80
1.4227663383639e-95
3.98360059944863e-71
5.66093186021151e-82
4.82741164592321e-83
1.13256169130295e-75
2.57476311715712e-77
1.46753866061325e-72
4.87045250881908e-78
8.24028345515483e-79
4.96269358644217e-73
1.04385712101217e-83
1.70690107252427e-84
7.04790902337626e-75
2.01394785628009e-75
5.56348638717014e-78
2.90548199526755e-83
1.54449414650271e-75
1.62978333500939e-74
7.96832446379444e-91
2.47286211952995e-79
6.36792189679519e-85
2.33612976414867e-67
1.36977631124122e-78
5.13373468426659e-77
1.90685415947658e-77
2.98742142269059e-76
2.71010331218922e-68
5.16145742310804e-67
7.92470134162215e-73
8.6787635359949e-74
5.21764477094551e-71
9.75554466333217e-65
3.54741334271672e-71
5.05935973222301e-81
